	City	Cloudiness	County	Date	Humidity	Lat	Lng	Max Temp	Wind Speed
1	Bambous Virieux	75	MU	1565573623	78	-20.34	57.76	71.6	19.46
2	Sao Filipe	0	CV	1565573623	86	14.9	-24.5	75.4	17.74
3	Chuy	39	UY	1565573623	93	-33.69	-53.46	49.84	7.18
4	Port-Gentil	91	GA	1565573624	80	-0.72	8.78	74.32	10.04
6	Irece	3	BR	1565573624	91	-11.3	-41.86	63.15	9.57
7	Lipari	5	IT	1565573624	74	38.47	14.95	82.0	4.7
8	Lavrentiya	100	RU	1565573624	97	65.58	-170.99	47.67	5.99
9	Kahului	40	US	1565573462	46	20.89	-156.47	93.2	23.04
10	Isangel	75	VU	1565573625	70	-19.55	169.27	86.0	9.17
11	San Patricio	34	PY	1565573625	86	-26.98	-56.83	61.72	4.68
12	Ushuaia	40	AR	1565573625	94	-54.81	-68.31	32.0	17.22
13	Hobart	40	AU	1565573625	57	-42.88	147.33	54.0	23.04
14	Ketchikan	90	US	1565573625	68	55.34	-131.65	64.4	11.41
15	Busselton	0	AU	1565573626	40	-33.64	115.35	61.0	21.59
16	Port Alfred	55	ZA	1565573626	75	-33.59	26.89	57.0	4.0
17	Vega de Alatorre	73	MX	1565573626	94	20.03	-96.65	73.42	3.29
18	Morondava	0	MG	1565573626	86	-20.3	44.28	71.62	5.21
19	Pierre	40	US	1565573336	73	44.37	-100.35	75.99	12.75
20	Hermanus	37	ZA	1565573626	97	-34.42	19.24	51.01	5.99
22	Port Elizabeth	1	US	1565573627	77	39.31	-74.98	75.99	3.91
23	Gamba	4	CN	1565573627	59	28.28	88.52	47.14	4.59
24	Buluang	75	PH	1565573627	70	10.47	123.98	86.0	13.87
25	Chaoyang	100	CN	1565573628	95	41.58	120.44	66.57	18.5
26	New Norfolk	40	AU	1565573628	57	-42.78	147.06	54.0	23.04
27	Punta Arenas	0	CL	1565573628	68	-53.16	-70.91	30.2	9.17
28	Carutapera	0	BR	1565573628	86	-1.2	-46.02	77.37	5.68
29	Vao	8	EE	1565573628	96	59.1	26.19	56.85	9.24
30	Cherskiy	36	RU	1565573629	54	68.75	161.3	60.1	14.43
31	Namatanai	0	PG	1565573629	74	-3.66	152.44	81.52	7.61
32	Hilo	40	US	1565573629	58	19.71	-155.08	84.2	12.75
33	Ternate	75	PH	1565573629	79	14.29	120.72	86.0	19.46
34	Pandamatenga	0	BW	1565573629	56	-18.54	25.64	54.15	3.94
35	Ngunguru	30	NZ	1565573630	66	-35.62	174.5	60.27	18.23
36	Kapaa	40	US	1565573630	66	22.08	-159.32	87.8	9.17
37	Saint-Philippe	90	CA	1565573630	56	45.36	-73.48	73.99	11.41
38	Guerrero Negro	0	MX	1565573630	89	27.97	-114.04	65.32	19.04
39	Bilma	0	NE	1565573630	15	18.69	12.92	90.34	12.5
40	Thompson	20	CA	1565573631	48	55.74	-97.86	64.4	8.05
41	Chunoyar	37	RU	1565573631	53	57.45	97.32	64.05	9.8
42	Puerto Ayora	0	EC	1565573631	73	-0.74	-90.35	71.6	17.22
43	Albany	20	US	1565573631	53	42.65	-73.75	72.0	6.93
44	Yellowknife	20	CA	1565573632	63	62.45	-114.38	62.6	8.05
45	Mataura	44	NZ	1565573620	69	-46.19	168.86	48.0	13.0
46	Esperance	0	AU	1565573632	87	-33.86	121.89	51.8	12.75
47	Sitka	61	US	1565573632	46	37.17	-99.65	90.0	11.99
48	Anadyr	90	RU	1565573632	93	64.73	177.51	53.6	17.9
49	Half Moon Bay	1	US	1565573632	77	37.46	-122.43	82.4	13.87
50	Angra dos Reis	75	BR	1565573528	88	-23.01	-44.32	71.6	3.36
51	Kyshtovka	21	RU	1565573633	70	56.56	76.62	62.8	9.55
53	Pitimbu	20	BR	1565573633	94	-7.47	-34.81	73.4	4.7
55	San Cristobal	0	HN	1565573633	81	14.68	-86.92	68.02	6.15
56	Ancud	90	CL	1565573634	100	-41.87	-73.83	42.8	4.7
57	Geraldton	5	CA	1565573622	48	49.72	-86.95	64.4	6.93
58	Atuona	18	PF	1565573599	79	-9.8	-139.03	79.72	23.2
59	San Quintin	100	PH	1565573634	86	17.54	120.52	80.97	15.12
61	Tuatapere	91	NZ	1565573635	69	-46.13	167.69	48.0	13.0
62	Victoria	75	BN	1565573403	84	5.28	115.24	86.0	2.24
63	Bluff	0	AU	1565573620	29	-23.58	149.07	66.75	4.9
64	Mar del Plata	0	AR	1565573635	59	-46.43	-67.52	30.04	13.96
65	Amla	100	IN	1565573635	88	21.92	78.13	74.67	11.63
66	Dikson	100	RU	1565573635	89	73.51	80.55	40.47	11.1
67	Northam	0	AU	1565573636	48	-31.65	116.67	60.8	12.75
68	Arraial do Cabo	0	BR	1565573636	90	-22.97	-42.02	70.17	5.08
69	Cape Town	75	ZA	1565573636	87	-33.93	18.42	55.0	1.12
70	Sambava	21	MG	1565573636	74	-14.27	50.17	61.54	4.03
72	Vaini	75	IN	1565573637	94	15.34	74.49	71.6	6.93
73	Saskylakh	0	RU	1565573637	39	71.97	114.09	73.42	10.51
74	Rio Gallegos	40	AR	1565573637	86	-51.62	-69.22	26.6	8.05
75	East London	20	ZA	1565573614	82	-33.02	27.91	49.47	5.7
76	Ahipara	89	NZ	1565573637	100	-35.17	173.16	61.0	30.38
77	Castro	90	CL	1565573638	100	-42.48	-73.76	42.8	4.7
78	Tezu	9	IN	1565573638	49	27.93	96.16	90.7	2.59
79	Espumoso	61	BR	1565573638	96	-28.73	-52.85	58.47	5.48
81	Vila Velha	20	BR	1565573638	78	-3.71	-38.6	78.8	9.17
82	Yar-Sale	100	RU	1565573638	73	66.83	70.83	47.85	14.12
83	Upernavik	81	GL	1565573639	66	72.79	-56.15	44.07	9.08
84	Puerto Escondido	40	MX	1565573639	79	15.86	-97.07	84.2	4.0
85	Santa Isabel do Rio Negro	42	BR	1565573527	89	-0.41	-65.02	74.67	2.15
86	Sargatskoye	100	RU	1565573639	63	55.6	73.49	69.27	8.84
87	Kodiak	1	US	1565573639	78	39.95	-94.76	80.01	5.82
88	Usinsk	100	RU	1565573640	69	66.0	57.56	40.84	19.04
89	Luancheng	75	CN	1565573640	83	37.88	114.65	80.6	6.71
90	Aras	40	ES	1565573640	67	42.56	-2.36	62.6	8.05
91	Fortuna	1	US	1565573618	72	40.6	-124.16	68.0	10.29
92	Faanui	0	PF	1565573640	81	-16.48	-151.75	79.35	12.59
93	Altay	0	CN	1565573641	34	47.83	88.13	62.25	4.27
94	Kamenka	3	MD	1565573641	93	48.03	28.7	59.0	2.42
95	Lompoc	1	US	1565573641	77	34.64	-120.46	75.99	11.41
97	Kuantan	75	MY	1565573641	83	3.82	103.33	82.4	3.36
98	Sinegorye	73	RU	1565573642	56	62.09	150.53	64.6	6.8
99	Coihaique	90	CL	1565573642	80	-45.58	-72.07	39.2	8.05
100	Lazaro Cardenas	20	MX	1565573642	24	28.39	-105.62	91.4	6.93
101	Ankazoabo	0	MG	1565573642	83	-22.29	44.51	58.65	2.8
102	Severo-Kurilsk	59	RU	1565573642	96	50.68	156.12	49.47	14.9
103	Berlevag	100	NO	1565573643	95	70.86	29.09	48.75	12.75
105	Ladybrand	45	ZA	1565573643	25	-29.19	27.46	39.04	3.87
106	Pantai Remis	75	MY	1565573643	83	4.46	100.63	82.4	3.36
107	Tremedal	0	BR	1565573643	89	-14.98	-41.41	62.8	3.87
109	Avarua	96	CK	1565573644	65	-21.21	-159.78	78.8	8.05
110	Iqaluit	20	CA	1565573644	86	63.75	-68.52	41.0	8.05
111	Khatanga	0	RU	1565573644	36	71.98	102.47	77.02	9.78
112	Beloha	0	MG	1565573644	68	-25.17	45.06	65.67	8.01
113	Nalut	0	LY	1565573644	60	31.86	10.98	70.72	3.56
114	Keflavik	75	IS	1565573645	70	64.0	-22.56	48.2	18.34
116	Yarmouth	90	CA	1565573645	82	43.84	-66.12	64.0	14.99
117	Port Lincoln	100	AU	1565573645	65	-34.72	135.86	52.17	8.95
118	Hithadhoo	100	MV	1565573645	77	-0.6	73.08	83.67	15.9
119	Torbay	90	CA	1565573431	82	47.66	-52.73	64.4	12.75
120	Tuktoyaktuk	90	CA	1565573646	93	69.44	-133.03	44.6	24.16
121	Qaanaaq	85	GL	1565573646	75	77.48	-69.36	40.12	1.12
122	Dubbo	40	AU	1565573646	76	-32.25	148.6	48.2	8.05
123	Saint-Joseph	44	FR	1565573646	88	43.56	6.97	77.0	2.37
124	Pangnirtung	36	CA	1565573647	78	66.15	-65.72	41.92	2.21
125	Tiksi	0	RU	1565573647	59	71.64	128.87	60.64	5.95
127	West Odessa	1	US	1565573647	25	31.84	-102.48	98.6	17.22
128	Cedar City	1	US	1565573538	15	37.68	-113.06	82.4	11.41
129	Ostrovnoy	83	RU	1565573647	72	68.05	39.51	45.34	20.76
131	Bredasdorp	6	ZA	1565573648	76	-34.53	20.04	51.8	9.17
132	Murdochville	95	CA	1565573648	89	48.96	-65.49	52.0	7.67
133	Vallenar	0	CL	1565573648	35	-28.58	-70.76	51.1	5.5
134	Lumeje	0	AO	1565573648	40	-11.56	20.78	58.84	4.9
135	Norman Wells	40	CA	1565573649	62	65.28	-126.83	55.4	2.24
137	Rikitea	100	PF	1565573639	84	-23.12	-134.97	72.87	17.2
138	Kavaratti	37	IN	1565573649	77	10.57	72.64	82.77	18.21
139	Iquique	90	CL	1565573550	76	-20.22	-70.14	57.2	9.17
140	Jitra	75	MY	1565573649	94	6.27	100.42	78.8	8.05
141	Snyder	1	US	1565573650	20	32.72	-100.92	97.0	12.75
143	Vondrozo	98	MG	1565573650	97	-22.82	47.32	60.1	2.04
144	Sibu	75	MY	1565573650	88	2.29	111.83	80.6	3.36
145	Ilulissat	20	GL	1565573650	32	69.22	-51.1	53.6	1.12
147	Medea	40	DZ	1565573651	57	36.27	2.77	78.8	3.36
149	Butaritari	100	KI	1565573651	75	3.07	172.79	82.24	9.1
150	Auki	1	NG	1565573651	88	12.18	6.51	71.25	11.54
151	Viedma	100	AR	1565573651	77	-40.81	-62.99	42.64	18.54
152	Ribeira Grande	69	PT	1565573652	82	38.52	-28.7	70.17	11.25
153	Albanel	75	CA	1565573542	82	48.88	-72.44	66.0	6.93
155	Alofi	0	NU	1565573652	78	-19.06	-169.92	80.6	11.41
156	Galesong	20	ID	1565573652	70	-5.32	119.37	84.2	3.36
157	Russell	1	US	1565573653	70	38.9	-98.86	91.4	14.99
158	Rome	0	IT	1565573383	57	41.89	12.48	80.01	3.36
159	Fairbanks	1	US	1565573598	40	64.84	-147.72	71.01	8.05
160	Buraydah	0	SA	1565573653	34	26.33	43.97	78.8	8.05
161	Kambove	0	CD	1565573653	59	-10.88	26.6	51.45	4.52
163	Clyde River	90	CA	1565573654	100	70.47	-68.59	41.0	13.87
165	Kormilovka	0	RU	1565573654	77	55.0	74.1	60.8	4.47
166	Broome	19	GB	1565573654	93	52.47	1.45	57.99	6.93
167	Changji	0	CN	1565573654	64	32.07	116.17	84.04	9.64
168	Longkou	99	CN	1565573654	81	37.64	120.47	81.7	19.86
169	Bayir	0	TR	1565573655	77	37.27	28.22	70.0	1.25
170	Candolim	75	IN	1565573655	94	15.52	73.76	78.8	9.17
173	Vientiane	90	LA	1565573655	100	17.96	102.61	80.6	2.24
174	Saint George	0	GR	1565573400	51	39.45	22.34	80.6	4.7
175	Tianpeng	0	CN	1565573656	66	28.88	112.34	89.62	2.89
176	Husavik	0	CA	1565573656	71	50.56	-96.99	58.65	5.73
177	Caucaia	20	BR	1565573656	78	-3.73	-38.66	78.8	9.17
178	Nur	0	PL	1565573656	86	52.67	22.32	61.17	6.29
180	Vardo	1	US	1565573657	64	39.62	-77.74	73.0	4.12
181	Alindao	100	CF	1565573657	94	5.04	21.21	67.3	2.64
182	Tuy Hoa	39	VN	1565573614	48	13.08	109.3	91.42	12.57
183	Salalah	75	OM	1565573657	94	17.01	54.1	77.0	4.7
184	Margate	40	AU	1565573657	57	-43.03	147.26	54.0	23.04
186	Ostrowiec Swietokrzyski	7	PL	1565573658	86	50.93	21.39	66.99	4.0
187	Talnakh	75	RU	1565573658	100	69.49	88.39	53.6	8.95
188	North Myrtle Beach	20	US	1565573510	83	33.83	-78.68	82.99	3.36
189	Mao	20	DO	1565573658	83	19.55	-71.08	82.99	11.41
190	Caravelas	0	BR	1565573658	87	-17.73	-39.27	71.44	6.44
191	Longyearbyen	75	NO	1565573659	70	78.22	15.63	42.8	4.7
192	Nieves	68	MX	1565573659	39	24.0	-103.02	70.35	2.8
194	Maragogi	23	BR	1565573659	96	-9.01	-35.22	69.1	3.29
195	Kavieng	62	PG	1565573659	70	-2.57	150.8	81.7	3.94
196	Bethel	40	US	1565573660	82	60.79	-161.76	62.6	10.29
197	Georgetown	40	GY	1565573660	83	6.8	-58.16	82.4	6.93
200	Santa Maria	0	BR	1565573660	47	-16.02	-48.01	75.2	5.82
202	Padang	100	ID	1565573661	79	-0.92	100.36	81.15	10.67
203	Klaksvik	0	FO	1565573661	93	62.23	-6.59	48.2	3.36
204	Saint-Pierre	0	FR	1565573661	93	48.95	4.24	55.99	6.93
205	San Policarpo	100	PH	1565573661	58	12.18	125.51	90.15	8.43
206	Ouadda	100	CF	1565573661	97	8.07	22.4	66.75	2.51
207	Baykit	100	RU	1565573662	62	61.68	96.39	53.25	9.75
208	Willowbrook	1	CA	1565573662	52	51.2	-102.8	66.2	8.05
209	Tasiilaq	0	GL	1565573662	93	65.61	-37.64	39.2	8.05
210	Phan Thiet	90	VN	1565573561	67	10.93	108.1	85.84	8.95
211	Marsh Harbour	85	BS	1565573662	73	26.54	-77.06	85.47	13.15
212	Bulungu	99	CD	1565573663	56	-4.54	18.6	80.44	2.37
213	Agadir	0	MA	1565573663	77	30.42	-9.58	68.0	6.93
214	Richards Bay	46	ZA	1565573663	84	-28.77	32.06	68.92	17.47
216	La Ronge	20	CA	1565573663	59	55.1	-105.3	64.4	4.7
217	Airai	71	TL	1565573664	39	-8.93	125.41	87.1	1.43
218	Goderich	0	CA	1565573664	77	43.74	-81.71	72.0	10.74
219	Carnarvon	44	ZA	1565573664	96	-30.97	22.13	35.97	6.17
222	Narsaq	0	GL	1565573664	32	60.91	-46.05	55.4	18.34
223	Zhezkazgan	75	KZ	1565573665	36	47.8	67.71	60.8	6.71
224	Mitzic	98	GA	1565573665	96	0.78	11.55	66.94	3.6
225	Pitelino	75	RU	1565573665	93	54.58	41.81	47.67	4.92
226	Provideniya	90	RU	1565573665	93	64.42	-173.23	55.4	17.9
227	Xiantao	0	CN	1565573665	71	30.37	113.44	88.0	1.68
228	Great Bend	1	US	1565573666	66	38.36	-98.78	87.8	14.99
229	Sabaudia	0	IT	1565573666	57	41.3	13.03	80.01	3.36
231	Cairns	0	AU	1565573468	38	-16.92	145.77	78.01	19.46
232	Illela	0	NG	1565573666	77	12.39	4.75	77.37	9.24
233	Laguna	40	BZ	1565573666	88	16.17	-88.94	82.4	3.78
234	Chara	0	GR	1565573667	51	39.42	22.43	80.6	4.7
235	Bhag	57	PK	1565573667	59	29.04	67.82	90.52	10.18
236	Berja	0	ES	1565573667	83	36.85	-2.95	71.6	7.25
237	Coahuayana	100	MX	1565573667	90	18.62	-100.35	75.04	6.76
238	Flin Flon	42	CA	1565573667	64	54.77	-101.88	57.4	1.99
239	Pangody	98	RU	1565573668	58	65.85	74.49	54.34	17.69
240	Santa Rosa	0	AR	1565573537	41	-36.62	-64.29	47.14	6.87
242	Inhambane	0	MZ	1565573668	82	-23.87	35.38	62.97	8.52
244	Miyako	75	JP	1565573669	83	33.63	130.94	96.01	8.05
245	Ishigaki	75	JP	1565573669	94	24.34	124.16	84.2	11.41
248	Ous	100	RU	1565573669	96	60.91	61.52	61.9	3.51
249	Havre-Saint-Pierre	40	CA	1565573669	93	50.23	-63.6	57.2	11.41
250	Solnechnyy	64	RU	1565573670	47	50.72	136.64	75.94	3.8
251	Rocha	100	UY	1565573666	93	-34.48	-54.34	45.34	4.63
252	Barra Patuca	31	HN	1565573670	75	15.8	-84.28	84.22	13.91
253	Bubaque	100	GW	1565573670	88	11.28	-15.83	77.74	18.84
254	Tabuk	100	PH	1565573670	93	17.41	121.44	70.72	7.31
256	Jamestown	3	AU	1565573372	72	-33.21	138.6	45.95	1.05
258	Hay River	20	CA	1565573671	40	60.82	-115.79	68.0	6.93
259	Garden City	1	US	1565573671	33	43.62	-116.24	81.0	6.93
260	Wewak	71	PG	1565573671	70	-3.55	143.63	82.24	7.92
261	Codrington	0	AU	1565573672	36	-28.95	153.24	63.0	13.87
262	Darab	0	IR	1565573672	11	28.75	54.55	72.52	8.55
263	Pisco	40	PE	1565573403	82	-13.71	-76.2	60.8	6.93
264	Coquimbo	0	CL	1565573672	76	-29.95	-71.34	51.8	6.93
265	Surskoye	34	RU	1565573672	87	54.48	46.71	47.67	13.0
266	Yerbogachen	100	RU	1565573673	50	61.28	108.01	68.92	12.19
267	Barrow	0	AR	1565573673	52	-38.31	-60.23	45.7	7.23
268	Ballina	14	IE	1565573673	94	54.11	-9.15	46.99	15.79
269	Krasnoarmeysk	0	RU	1565573673	100	56.12	38.15	54.0	4.47
270	The Pas	40	CA	1565573673	43	53.82	-101.24	69.8	2.24
271	Saldanha	0	PT	1565573674	89	41.42	-6.55	50.55	2.24
272	Taltal	0	CL	1565573674	60	-25.41	-70.49	53.25	3.33
273	Brae	100	GB	1565573674	76	60.4	-1.35	51.8	8.05
274	Hokitika	0	NZ	1565573674	72	-42.72	170.96	51.27	12.35
275	Inuvik	90	CA	1565573674	66	68.36	-133.71	51.8	10.29
276	El Retorno	91	CO	1565573675	98	2.33	-72.63	70.35	2.71
277	Yeppoon	0	AU	1565573675	24	-23.13	150.74	68.0	10.29
278	Henties Bay	0	NA	1565573675	92	-22.12	14.28	50.0	4.0
279	Udachnyy	75	RU	1565573675	52	66.42	112.4	64.4	4.47
280	Mayumba	0	GA	1565573675	84	-3.44	10.65	71.07	8.86
281	Faxinal	22	BR	1565573676	67	-24.0	-51.32	67.65	4.56
282	Galle	94	GN	1565573676	98	10.08	-12.83	67.3	1.43
283	Vanimo	95	PG	1565573676	77	-2.67	141.3	81.7	12.73
284	Saint-Francois	88	FR	1565573676	93	46.42	3.91	57.2	0.92
285	Ajdabiya	0	LY	1565573676	65	30.75	20.22	78.82	11.23
287	Tarquinia	0	IT	1565573677	88	42.25	11.76	72.0	3.36
288	Bodden Town	20	KY	1565573677	79	19.28	-81.25	86.0	7.23
289	Vytegra	2	RU	1565573677	72	61.01	36.45	48.4	11.9
290	Manuk Mangkaw	95	PH	1565573677	81	4.8	119.85	82.05	12.28
291	Acapulco	90	MX	1565573678	74	16.86	-99.88	86.0	8.05
292	Shingu	40	JP	1565573678	70	33.72	135.99	87.8	4.7
293	Wilmington	1	US	1565573529	53	39.75	-75.55	73.99	3.36
294	Nikolskoye	90	RU	1565573678	93	59.7	30.79	60.8	2.24
295	Komsomolskiy	100	RU	1565573678	75	67.55	63.78	39.57	12.53
296	Bandarbeyla	12	SO	1565573679	62	9.49	50.81	75.57	31.36
297	Eureka	1	US	1565573679	68	40.8	-124.16	68.0	13.87
298	Yurimaguas	31	PE	1565573679	67	-5.9	-76.1	73.05	2.93
299	Sao Joao da Barra	56	BR	1565573679	96	-21.64	-41.05	68.74	3.49
300	Trapani	0	IT	1565573679	88	38.02	12.54	80.01	1.12
302	Keuruu	75	FI	1565573680	93	62.26	24.71	61.0	6.93
303	Yaan	100	NG	1565573680	97	7.38	8.57	71.62	5.08
304	Hami	0	CN	1565573680	88	42.84	93.51	72.0	5.7
305	Umm Kaddadah	100	SD	1565573680	71	13.6	26.69	77.74	10.22
306	Chokurdakh	10	RU	1565573681	51	70.62	147.9	57.57	13.04
308	Luangwa	0	MZ	1565573681	82	-15.62	30.4	55.77	2.35
309	Mazatlan	40	MX	1565573620	66	23.22	-106.42	88.0	9.17
310	Westport	1	US	1565573681	56	41.14	-73.36	73.99	3.36
311	Belyy Yar	90	RU	1565573681	100	53.6	91.39	51.8	2.62
312	Angoche	0	MZ	1565573682	95	-16.23	39.91	64.24	2.28
313	Sunyani	26	GH	1565573682	94	7.34	-2.33	67.84	5.59
314	Lata	18	IN	1565573682	77	30.78	78.62	51.27	4.07
315	Sergeyevka	100	KZ	1565573682	53	53.88	67.42	72.15	10.56
316	Suffern	1	US	1565573610	60	41.12	-74.15	78.01	2.8
317	Quedlinburg	98	DE	1565573683	77	51.79	11.15	64.0	7.47
319	Makakilo City	90	US	1565573683	66	21.35	-158.09	89.6	13.87
320	Nara	75	JP	1565573683	62	34.68	135.8	91.99	9.17
321	Doka	100	SD	1565573683	91	13.52	35.76	72.15	7.56
322	Mandalgovi	47	MN	1565573684	65	45.76	106.27	65.14	5.44
323	Charlestown	1	US	1565573684	68	41.38	-71.64	72.0	6.93
324	Latung	25	ID	1565573684	48	-8.45	120.42	87.1	6.87
325	Panama City	20	US	1565573670	83	30.16	-85.65	84.2	10.29
326	Lorengau	91	PG	1565573684	76	-2.02	147.27	81.87	3.51
327	Valdivia	40	CL	1565573389	100	-39.81	-73.25	44.6	4.7
328	San Pedro	39	AR	1565573685	91	-33.68	-59.66	52.0	5.03
330	Mexico	75	US	1565573477	88	39.17	-91.88	79.0	4.7
331	Ocala	90	US	1565573427	88	29.19	-82.14	84.99	4.7
332	Tolmin	20	IT	1565573685	100	46.18	13.73	78.8	1.12
333	Jumla	9	NP	1565573685	71	29.28	82.18	67.3	1.25
334	Vanersborg	100	SE	1565573686	87	58.38	12.32	64.0	11.41
335	College	1	US	1565573686	40	64.86	-147.8	72.0	8.05
336	Ponta do Sol	0	BR	1565573680	61	-20.63	-46.0	65.14	5.03
337	Miri	100	NG	1565573686	89	10.31	9.75	69.45	4.56
338	Sisimiut	19	GL	1565573686	62	66.94	-53.67	47.67	4.74
339	Dudinka	75	RU	1565573687	100	69.41	86.18	53.6	8.95
340	Alihe	0	CN	1565573687	41	50.57	123.73	76.84	2.57
341	Port Macquarie	90	AU	1565573687	47	-31.43	152.91	64.99	13.87
342	Bria	100	CF	1565573687	97	6.54	21.99	67.47	0.6
343	Nortelandia	0	BR	1565573687	42	-14.45	-56.8	73.6	5.19
344	Sharjah	0	AE	1565573688	84	25.36	55.39	91.4	6.93
345	Ormara	100	PK	1565573688	76	25.21	64.64	82.6	1.39
346	Novikovo	74	RU	1565573688	80	51.15	37.89	59.37	4.54
347	Sao Sebastiao	0	BR	1565573688	58	-3.15	-58.36	77.92	2.53
348	Port Moresby	40	PG	1565573689	78	-9.47	147.16	80.6	11.41
349	Cabo San Lucas	20	MX	1565573505	62	22.89	-109.91	86.0	6.93
350	Plettenberg Bay	60	ZA	1565573689	77	-34.05	23.37	49.47	9.57
352	Shubarshi	42	KZ	1565573689	54	48.59	57.19	65.5	12.24
353	Bonavista	100	CA	1565573690	84	48.65	-53.11	62.01	4.0
354	Quesnel	90	CA	1565573690	60	52.98	-122.49	68.0	12.75
355	Myitkyina	97	MM	1565573600	85	25.38	97.4	79.72	2.66
356	Lebu	75	ET	1565573690	93	8.96	38.73	57.2	6.93
357	Robe	99	ET	1565573690	93	7.12	40.01	48.22	2.91
358	Bathsheba	40	BB	1565573691	88	13.22	-59.52	77.0	23.04
359	Meulaboh	50	ID	1565573691	72	4.14	96.13	83.67	10.47
360	Belaya Gora	0	RU	1565573691	34	68.54	146.19	70.17	8.93
361	Los Llanos de Aridane	0	ES	1565573683	64	28.66	-17.92	73.4	12.75
362	Tsabong	0	BW	1565573691	12	-26.02	22.4	48.75	10.54
363	Boyolangu	3	ID	1565573691	54	-8.09	111.9	82.24	2.06
364	Adrar	0	DZ	1565573692	10	27.87	-0.29	93.2	8.05
365	Puerto Carreno	75	CO	1565573692	88	6.19	-67.49	78.8	5.82
366	Mount Isa	0	AU	1565573692	33	-20.73	139.49	62.6	12.75
368	Puerto El Triunfo	20	SV	1565573692	83	13.27	-88.55	82.4	2.24
369	Yurgamysh	100	RU	1565573693	59	55.37	64.47	69.1	4.16
370	Mangrol	75	IN	1565573693	83	25.33	76.51	80.6	2.24
371	Veraval	20	FR	1565573693	93	49.65	0.71	57.0	8.05
372	Vammala	75	FI	1565573693	100	61.34	22.91	61.0	4.7
373	Velikiy Ustyug	0	RU	1565573694	75	60.76	46.3	40.47	8.37
374	Luderitz	0	NA	1565573694	82	-26.65	15.16	55.4	11.41
375	Diffa	100	NE	1565573694	72	13.32	12.61	78.82	20.65
376	Port Hardy	75	CA	1565573694	68	50.7	-127.42	64.4	5.82
377	Ixtapa	90	MX	1565573694	100	20.71	-105.21	81.0	4.7
378	Grand-Santi	100	GF	1565573695	98	4.27	-54.38	71.44	1.77
379	Pampa	1	US	1565573489	37	35.54	-100.96	95.0	5.82
381	Erzin	0	TR	1565573695	83	36.95	36.2	79.0	13.87
382	Wanaka	76	NZ	1565573695	90	-44.7	169.14	37.24	1.66
383	Marawi	95	PH	1565573695	59	8.0	124.29	87.01	3.0
384	Ierapetra	0	GR	1565573696	73	35.01	25.74	81.0	5.82
385	Aksarka	100	RU	1565573696	94	66.56	67.8	46.05	14.58
386	Green River	0	US	1565573696	16	41.53	-109.47	70.9	18.05
387	Antigonish	90	CA	1565573696	72	45.62	-61.99	64.0	8.05
388	Dickinson	75	US	1565573697	100	46.88	-102.79	68.0	17.22
389	Erenhot	76	CN	1565573697	49	43.65	111.97	69.45	2.93
390	Veinticinco de Mayo	1	AR	1565573697	89	-27.38	-54.75	59.0	2.28
391	Sorong	93	ID	1565573697	69	-0.86	131.25	84.04	11.41
392	Broken Arrow	1	US	1565573692	74	36.05	-95.79	93.2	4.7
393	Rosita	97	NI	1565573697	95	13.92	-84.4	73.05	1.19
394	Adre	77	TD	1565573698	89	13.47	22.2	70.9	7.65
395	Kenai	1	US	1565573693	34	60.55	-151.26	78.8	9.17
396	Qaqortoq	0	GL	1565573698	32	60.72	-46.03	55.4	18.34
397	Gillette	1	US	1565573692	64	44.29	-105.5	75.2	11.41
398	Gloversville	1	US	1565573699	72	43.05	-74.34	72.0	4.7
399	Nyimba	0	ZM	1565573651	70	-14.56	30.81	57.22	1.7
400	Zhigansk	0	RU	1565573699	29	66.77	123.37	77.02	5.08
401	Mayo	90	CA	1565573699	59	63.59	-135.9	60.8	4.7
402	Hobyo	0	SO	1565573699	75	5.35	48.53	73.95	16.93
403	Troitskoye	0	RU	1565573699	55	52.98	84.68	66.04	5.61
404	Manado	0	ID	1565573700	48	1.49	124.85	87.8	14.99
405	Kupang	90	ID	1565573700	37	-10.16	123.6	82.4	11.41
406	Kabare	23	RW	1565573700	88	-1.65	29.38	54.7	1.34
407	Seidu	63	NG	1565573700	96	8.32	4.47	70.35	8.37
408	Kununurra	28	AU	1565573701	15	-15.77	128.74	77.0	16.11
409	Muromtsevo	2	RU	1565573701	61	56.37	75.24	65.14	7.38
410	Tongliao	100	CN	1565573701	86	43.61	122.27	69.82	15.61
411	Iskateley	100	RU	1565573701	71	67.68	53.15	41.2	7.09
412	Yingcheng	0	CN	1565573702	70	30.93	113.57	84.2	4.47
413	Chicama	90	PE	1565573702	87	-7.84	-79.15	60.8	8.05
414	Aksu	0	KZ	1565573702	55	52.04	76.93	64.4	4.47
415	Fernley	20	US	1565573702	17	39.61	-119.25	82.4	6.93
416	Tamandare	55	BR	1565573702	59	-8.28	-70.75	75.4	0.54
417	San Andres	80	PH	1565573703	57	13.32	122.68	87.82	7.02
418	Gravdal	99	NO	1565573703	93	59.79	5.78	60.01	5.82
419	Pevek	9	RU	1565573676	93	69.7	170.27	36.7	27.96
420	Stykkisholmur	100	IS	1565573703	71	65.08	-22.73	45.34	8.25
421	Paamiut	78	GL	1565573703	74	61.99	-49.67	45.15	9.98
422	Qujing	7	CN	1565573437	62	25.49	103.8	72.52	4.97
423	Davila	75	PH	1565573704	89	18.47	120.58	84.2	11.41
424	Keti Bandar	24	PK	1565573704	84	24.14	67.45	80.44	15.79
425	Razdolinsk	93	RU	1565573704	68	58.42	94.62	60.27	7.34
426	Nhulunbuy	0	AU	1565573704	44	-12.18	136.78	77.0	19.46
427	Dhidhdhoo	90	MV	1565573681	77	6.88	73.1	83.32	15.7
428	Qabaqcol	75	AZ	1565573705	68	41.72	46.26	69.8	6.93
429	Broken Hill	0	AU	1565573705	66	-31.97	141.45	48.2	8.05
430	Itarema	0	BR	1565573705	80	-2.92	-39.92	75.75	10.38
431	Riyadh	0	SA	1565573705	18	24.63	46.72	82.4	8.05
432	Taoudenni	66	ML	1565573705	10	22.68	-3.98	98.97	5.3
433	Dondo	0	MZ	1565573706	93	-19.62	34.74	62.6	3.36
434	Peruibe	3	BR	1565573706	99	-24.32	-47.0	59.74	1.45
435	Peachland	90	CA	1565573706	93	49.77	-119.75	66.0	6.06
436	Sabang	100	PH	1565573706	60	13.8	121.11	88.0	8.01
437	Avera	1	US	1565573707	88	33.19	-82.53	84.99	3.36
438	Kaeo	62	NZ	1565573707	100	-35.1	173.78	61.0	15.64
439	Kirgiz-Miyaki	100	RU	1565573707	95	53.63	54.8	55.05	14.67
440	Ambon	32	FR	1565573707	100	47.55	-2.56	61.0	3.36
442	Igrim	100	RU	1565573707	98	63.19	64.42	58.3	5.95
443	Faya	20	SA	1565573708	88	18.39	42.45	66.2	4.7
444	Mount Gambier	90	AU	1565573462	76	-37.83	140.78	48.2	6.93
445	Birjand	0	IR	1565573708	14	32.86	59.22	69.8	9.17
446	Kosa	75	JP	1565573708	66	32.67	130.82	87.8	17.22
448	Jalu	0	LY	1565573708	80	29.03	21.55	72.52	8.52
449	Imbituba	75	BR	1565573435	77	-28.24	-48.67	66.2	13.87
451	Tura	100	RU	1565573709	50	64.27	100.22	60.1	8.23
452	Souillac	0	FR	1565573709	93	45.6	-0.6	61.0	2.24
453	Ubinskoye	7	RU	1565573709	58	55.31	79.68	64.6	8.55
454	Rawlins	1	US	1565573710	31	41.79	-107.24	77.0	3.36
455	Tautira	20	PF	1565573710	66	-17.73	-149.15	86.0	5.82
456	Hambantota	20	LK	1565573710	88	6.12	81.12	78.8	5.82
457	Rapid Valley	90	US	1565573710	87	44.06	-103.15	69.8	12.75
458	Ust-Kulom	100	RU	1565573711	97	61.69	53.69	41.2	12.64
460	Champerico	75	MX	1565573711	74	16.38	-93.6	82.4	8.05
461	Eidfjord	100	NO	1565573711	86	60.47	7.07	50.0	1.01
462	Pacific Grove	1	US	1565573694	53	36.62	-121.92	82.99	12.75
463	Karratha	43	AU	1565573711	15	-20.74	116.85	83.32	20.27
464	Naryan-Mar	100	RU	1565573712	71	67.67	53.09	41.2	7.09
465	Ust-Kishert	100	RU	1565573712	96	57.36	57.24	52.17	11.59
466	Bolshoye Nagatkino	90	RU	1565573712	81	54.52	47.97	53.6	15.66
467	Springdale	1	US	1565573708	74	36.19	-94.13	86.0	6.93
468	Norwich	17	GB	1565573712	93	52.63	1.29	57.99	6.93
471	Aluksne	0	LV	1565573713	97	57.42	27.05	50.2	4.9
472	Vitim	100	RU	1565573713	77	59.44	112.57	59.74	13.35
473	Barentu	100	ER	1565573713	84	15.11	37.59	69.45	4.0
474	Yakima	1	US	1565573537	31	46.6	-120.51	81.0	19.46
476	Honningsvag	100	NO	1565573714	94	70.98	25.97	51.27	8.19
477	Ulladulla	40	AU	1565573714	41	-35.36	150.48	59.0	11.41
478	Chapais	40	CA	1565573714	93	49.78	-74.86	55.4	2.24
479	Mitu	0	IR	1565573714	65	36.2	46.09	61.72	4.85
480	Hasaki	75	JP	1565573715	94	35.73	140.83	90.0	9.17
481	Nome	1	US	1565573715	79	30.04	-94.42	89.01	4.7
482	Zarkos	0	GR	1565573715	51	39.61	22.12	80.6	4.7
483	Vila Franca do Campo	40	PT	1565573715	82	37.72	-25.43	68.0	10.29
484	Vuktyl	100	RU	1565573716	93	63.86	57.31	42.45	17.9
485	Kuytun	0	RU	1565573716	67	54.34	101.51	61.35	8.1
486	Port Blair	90	IN	1565573716	94	11.67	92.75	77.0	11.41
487	Lima	90	PE	1565573677	87	-12.06	-77.04	59.0	9.17
488	Jalgaon	100	IN	1565573716	83	21.0	75.57	79.0	4.54
489	Kailua	75	US	1565573717	52	21.39	-157.74	89.6	10.29
490	Leningradskiy	92	RU	1565573717	94	69.38	178.42	40.12	17.05
491	Vestmannaeyjar	100	IS	1565573717	77	63.44	-20.27	46.42	28.43
492	Enshi	0	CN	1565573717	44	30.29	109.48	81.52	4.36
493	Hamilton	20	CA	1565573534	77	43.26	-79.87	75.99	6.93
494	Ewa Beach	90	US	1565573717	66	21.32	-158.01	89.6	13.87
495	Balkanabat	59	TM	1565573718	28	39.51	54.36	80.07	17.78
497	Bemidji	1	US	1565573672	59	47.48	-94.89	68.0	3.36
498	Rosetta	0	EG	1565573718	83	31.4	30.42	75.2	4.7
499	Platteville	75	US	1565573507	100	42.73	-90.48	77.0	4.79
500	Waldoboro	1	US	1565573718	77	44.1	-69.38	64.99	5.82
501	Kaitangata	80	NZ	1565573719	72	-46.28	169.85	48.99	5.01
503	Mana	11	NG	1565573719	75	13.03	5.27	78.27	13.65
504	Gat	20	SN	1565573719	83	14.69	-16.54	80.6	11.41
505	Durban	42	CA	1565573719	75	51.93	-101.44	54.87	2.01
506	Mitsamiouli	0	KM	1565573720	70	-11.38	43.28	77.74	11.92
507	Swakopmund	0	NA	1565573720	87	-22.68	14.53	57.2	8.05
508	Kempele	75	FI	1565573720	67	64.91	25.51	57.99	12.75
509	Namibe	3	AO	1565573720	83	-15.19	12.15	62.97	5.37
510	Tahara	75	JP	1565573721	55	34.64	137.18	93.99	17.22
511	Para de Minas	0	BR	1565573665	56	-19.86	-44.61	68.0	1.92
512	Kargopol	0	RU	1565573721	83	61.51	38.95	40.12	2.44
514	Slave Lake	1	CA	1565573721	68	55.28	-114.77	64.4	9.17
515	Paita	0	PE	1565573721	88	-5.09	-81.11	61.72	15.28
518	Port Keats	69	AU	1565573722	23	-14.25	129.55	82.95	15.68
519	Bonthe	86	SL	1565573722	88	7.53	-12.5	75.57	6.55
520	Saint-Georges	92	CA	1565573634	76	46.12	-70.67	66.99	5.99
521	Soyo	0	AO	1565573723	83	-6.13	12.37	71.97	8.68
522	Grindavik	75	IS	1565573723	70	63.84	-22.43	48.2	18.34
523	Lieksa	73	FI	1565573723	72	63.32	30.02	48.4	7.31
524	Sinnai	5	IT	1565573723	78	39.3	9.2	78.8	3.36
525	Bafra	0	TR	1565573723	93	41.57	35.91	63.0	3.36
526	Vila	75	IT	1565573724	78	45.18	8.4	78.01	3.36
527	Becerril	95	CO	1565573724	76	9.7	-73.28	79.0	2.53
528	Allanridge	58	ZA	1565573724	80	-27.75	26.64	42.01	2.8
529	Tanout	54	NE	1565573724	43	14.97	8.88	81.52	12.77
530	Grand Gaube	75	MU	1565573724	78	-20.01	57.66	71.6	19.46
531	Itoman	40	JP	1565573725	74	26.12	127.67	89.6	6.93
533	Barra do Corda	3	BR	1565573725	58	-5.5	-45.25	71.97	1.88
534	Sciacca	0	IT	1565573725	88	37.51	13.08	78.01	5.82
535	Garowe	0	SO	1565573725	67	8.41	48.48	71.8	25.75
536	Teya	40	MX	1565573726	69	21.05	-89.07	84.0	6.76
537	Labuhan	2	ID	1565573726	45	-2.54	115.51	92.5	2.62
538	Pucallpa	40	PE	1565573726	94	-8.38	-74.54	75.2	2.24
539	Mahebourg	75	MU	1565573726	78	-20.41	57.7	71.6	19.46
540	Ipixuna	40	BR	1565573727	88	-1.76	-48.8	77.0	8.05
541	Omboue	96	GA	1565573727	82	-1.57	9.26	72.34	9.64
542	Ornskoldsvik	100	SE	1565573727	100	63.29	18.72	60.8	5.82
543	Zhuhai	0	CN	1565573727	60	40.71	112.04	71.6	4.47
544	Sioux Lookout	20	CA	1565573583	52	50.1	-91.92	68.0	4.7
545	Clarence Town	75	AU	1565573727	47	-32.59	151.78	64.0	13.87
546	Lodja	96	CD	1565573728	90	-3.52	23.6	70.72	1.79
547	Quatre Cocos	75	MU	1565573728	78	-20.21	57.76	71.6	19.46
548	Honiara	20	SB	1565573728	70	-9.43	159.96	89.6	8.05
549	Jeremoabo	93	BR	1565573728	96	-10.08	-38.34	66.04	9.46
550	Orocue	86	CO	1565573729	91	4.79	-71.34	75.04	3.27
551	Merauke	61	ID	1565573729	81	-8.49	140.4	76.84	15.9
552	Boende	13	CD	1565573729	93	-0.28	20.88	71.25	2.53
553	Wuda	0	CN	1565573729	31	39.5	106.72	77.02	7.27
554	Bom Jesus	20	BR	1565573729	94	-5.99	-35.58	75.2	3.36
555	Christchurch	0	NZ	1565573582	87	-43.53	172.64	55.99	4.7
556	Quang Ngai	99	VN	1565573730	60	15.12	108.8	88.72	1.59
557	Isoka	0	ZM	1565573730	82	-10.15	32.64	49.3	2.26
558	Alice Springs	0	AU	1565573730	47	-23.7	133.88	59.0	12.75
559	Bestobe	96	KZ	1565573730	36	52.5	73.1	77.92	6.55
560	Makaha	90	US	1565573731	62	21.47	-158.22	89.6	4.7
561	Cidreira	95	BR	1565573731	93	-30.17	-50.22	58.84	3.83
562	Kieta	73	PG	1565573731	72	-6.22	155.63	82.42	6.42
563	Ojinaga	40	US	1565573731	19	29.56	-104.41	100.4	8.05
564	Meadow Lake	75	CA	1565573731	55	54.13	-108.44	66.2	4.7
565	Cotonou	40	BJ	1565573732	83	6.37	2.43	77.0	13.87
566	Ergani	0	TR	1565573732	42	38.27	39.76	75.2	5.75
567	Luganville	40	VU	1565573732	74	-15.51	167.18	84.2	8.05
568	Bijni	0	IN	1565573732	67	26.5	90.7	89.97	5.57
569	Bara	100	NG	1565573732	95	10.41	10.6	71.62	6.46
570	Peravurani	62	IN	1565573733	54	10.15	79.08	86.55	6.13
571	Calvinia	59	ZA	1565573733	90	-31.47	19.78	39.57	2.66
572	Waipawa	100	NZ	1565573733	86	-39.94	176.59	50.0	6.62
573	Kabanjahe	100	ID	1565573471	62	3.1	98.49	82.6	2.35
574	Manono	0	CD	1565573733	44	-7.3	27.4	67.12	1.34
575	Ushtobe	0	KZ	1565573734	22	45.25	77.98	79.72	6.91
576	Takoradi	70	GH	1565573734	94	4.89	-1.75	70.72	4.09
577	Genc	0	TR	1565573734	64	38.75	40.56	58.12	9.37
578	Staraya Vichuga	0	RU	1565573734	87	57.27	41.88	42.82	4.92
579	Kirakira	87	SB	1565573734	70	-10.46	161.92	84.22	4.21
580	Rajpipla	90	IN	1565573735	94	21.87	73.5	78.8	9.35
581	Monte Alegre de Minas	0	BR	1565573652	43	-18.87	-48.88	73.4	6.93
582	Teeli	0	RU	1565573735	66	51.01	90.2	52.72	5.37
583	Zhangye	100	CN	1565573735	27	38.94	100.46	74.32	4.83
584	Mponela	0	MW	1565573735	66	-13.53	33.74	55.4	4.56
585	Williamsburg	1	US	1565573736	73	37.27	-76.71	79.0	3.65
586	Hammond	1	US	1565573450	88	30.5	-90.46	89.6	1.88
587	Cap Malheureux	75	MU	1565573736	78	-19.98	57.61	71.6	19.46
588	Kiunga	100	PG	1565573736	64	-6.12	141.3	85.47	4.29
589	Yuncheng	40	CN	1565573736	36	35.03	111.0	88.54	9.62
590	Chumikan	13	RU	1565573737	67	54.72	135.31	65.5	4.05
591	Svetlogorsk	90	RU	1565573737	82	53.14	59.15	59.0	8.95
593	Malanje	10	AO	1565573737	97	-9.54	16.35	59.2	5.23
594	Dwarka	75	IN	1565573737	83	28.58	77.04	90.0	4.7
595	Igarka	92	RU	1565573738	86	67.47	86.57	48.04	15.43
596	Cienfuegos	60	CU	1565573693	100	22.15	-80.44	77.0	10.29
597	Hualmay	88	PE	1565573738	87	-11.1	-77.61	58.84	18.25
598	Pandan	100	PH	1565573738	78	11.72	122.09	84.04	19.15
599	Wagga Wagga	0	AU	1565573738	100	-35.12	147.37	39.2	6.93
600	Prince George	90	CA	1565573739	77	53.92	-122.75	66.0	4.7
601	Chanika	0	MW	1565573739	72	-12.93	34.19	56.32	2.64
602	Atar	2	MR	1565573739	32	20.52	-13.05	88.9	12.26
603	Nautla	68	MX	1565573739	87	20.22	-96.78	82.24	10.83
604	Ginda	90	IN	1565573739	100	30.69	78.49	75.2	5.82
605	Itaueira	0	BR	1565573740	49	-7.6	-43.03	79.17	12.88
606	Portland	1	US	1565573382	63	43.66	-70.25	68.0	3.36
607	Falam	100	MM	1565573740	88	22.91	93.68	72.15	3.76
608	Saint-Michel-des-Saints	91	CA	1565573740	7	46.68	-73.92	68.0	4.99
609	Flinders	40	AU	1565573740	41	-34.58	150.85	62.01	11.41
610	Touros	20	BR	1565573741	94	-5.2	-35.46	71.6	3.36
611	Ust-Karsk	0	RU	1565573741	35	52.71	118.82	79.54	8.79
613	Pak Phanang	20	TH	1565573741	74	8.35	100.2	84.2	3.36
615	Oxford	1	US	1565573741	54	33.61	-85.83	84.2	3.36
617	Okhotsk	100	RU	1565573742	95	59.36	143.24	54.15	6.02
618	Xai-Xai	0	MZ	1565573742	52	-25.04	33.64	67.12	8.63
619	Khorol	0	UA	1565573742	93	49.78	33.27	60.82	3.47
620	Oregon	40	US	1565573742	94	42.01	-89.33	75.99	0.56
621	Prince Rupert	90	CA	1565573743	82	54.32	-130.32	62.6	2.24
622	Ilhabela	2	BR	1565573483	85	-23.78	-45.36	69.82	6.62
623	Daura	1	NG	1565573743	71	13.04	8.32	77.2	13.06
625	Alekseyevsk	100	RU	1565573743	65	57.84	108.35	57.22	12.77
626	Nanortalik	45	GL	1565573743	73	60.14	-45.24	44.97	10.6
627	Buchanan	75	LR	1565573602	94	5.88	-10.05	73.4	14.16
628	Marzuq	87	YE	1565573744	41	14.4	46.47	78.64	3.27
629	Cockburn Town	0	TC	1565573563	80	21.46	-71.14	82.95	20.42
630	Kuala Terengganu	75	MY	1565573744	83	5.33	103.14	80.6	6.93
631	Glens Falls	1	US	1565573744	68	43.31	-73.64	72.0	5.82
633	Cayenne	0	GF	1565573678	94	4.94	-52.33	77.0	2.68
634	Puerto Leguizamo	49	CO	1565573745	97	-0.19	-74.78	70.0	1.79
635	Kolvereid	100	NO	1565573745	91	64.86	11.6	62.01	6.73
636	Raudeberg	100	NO	1565573745	93	61.99	5.14	57.2	18.34
637	Ulaanbaatar	75	MN	1565573699	87	47.92	106.92	57.2	6.71
639	Nouadhibou	0	MR	1565573746	78	20.93	-17.03	71.6	19.46
640	Nishihara	75	JP	1565573746	74	35.74	139.53	91.0	3.36
641	Corinto	40	CO	1565573746	65	3.17	-76.26	77.0	8.05
642	Fort Morgan	1	US	1565573746	60	40.25	-103.8	71.6	14.99
643	Senneterre	75	CA	1565573747	100	48.39	-77.24	62.6	4.7
644	Balkhash	41	KZ	1565573747	24	46.84	74.98	75.94	17.69
646	Hofn	100	IS	1565573747	78	64.25	-15.21	32.74	21.97
647	Tekirdag	0	TR	1565573747	88	40.98	27.51	70.0	12.75
649	Burnie	100	AU	1565573748	68	-41.05	145.91	57.99	8.99
650	Saint-Augustin	75	CA	1565573748	68	45.63	-73.98	73.99	4.7
